{
 "cells": [
  {
   "cell_type": "markdown",
   "metadata": {},
   "source": [
    "DATA EXPLORATION"
   ]
  },
  {
   "cell_type": "code",
   "execution_count": 1,
   "metadata": {},
   "outputs": [],
   "source": [
    "import matplotlib.pyplot as plt\n",
    "import pandas as pd"
   ]
  },
  {
   "cell_type": "code",
   "execution_count": 2,
   "metadata": {},
   "outputs": [
    {
     "data": {
      "text/html": [
       "<div>\n",
       "<style scoped>\n",
       "    .dataframe tbody tr th:only-of-type {\n",
       "        vertical-align: middle;\n",
       "    }\n",
       "\n",
       "    .dataframe tbody tr th {\n",
       "        vertical-align: top;\n",
       "    }\n",
       "\n",
       "    .dataframe thead th {\n",
       "        text-align: right;\n",
       "    }\n",
       "</style>\n",
       "<table border=\"1\" class=\"dataframe\">\n",
       "  <thead>\n",
       "    <tr style=\"text-align: right;\">\n",
       "      <th></th>\n",
       "      <th>loan_id</th>\n",
       "      <th>no_of_dependents</th>\n",
       "      <th>education</th>\n",
       "      <th>self_employed</th>\n",
       "      <th>income_annum</th>\n",
       "      <th>loan_amount</th>\n",
       "      <th>loan_term</th>\n",
       "      <th>cibil_score</th>\n",
       "      <th>residential_assets_value</th>\n",
       "      <th>commercial_assets_value</th>\n",
       "      <th>luxury_assets_value</th>\n",
       "      <th>bank_asset_value</th>\n",
       "      <th>loan_status</th>\n",
       "    </tr>\n",
       "  </thead>\n",
       "  <tbody>\n",
       "    <tr>\n",
       "      <th>0</th>\n",
       "      <td>1</td>\n",
       "      <td>2</td>\n",
       "      <td>Graduate</td>\n",
       "      <td>No</td>\n",
       "      <td>9600000</td>\n",
       "      <td>29900000</td>\n",
       "      <td>12</td>\n",
       "      <td>778</td>\n",
       "      <td>2400000</td>\n",
       "      <td>17600000</td>\n",
       "      <td>22700000</td>\n",
       "      <td>8000000</td>\n",
       "      <td>Approved</td>\n",
       "    </tr>\n",
       "    <tr>\n",
       "      <th>1</th>\n",
       "      <td>2</td>\n",
       "      <td>0</td>\n",
       "      <td>Not Graduate</td>\n",
       "      <td>Yes</td>\n",
       "      <td>4100000</td>\n",
       "      <td>12200000</td>\n",
       "      <td>8</td>\n",
       "      <td>417</td>\n",
       "      <td>2700000</td>\n",
       "      <td>2200000</td>\n",
       "      <td>8800000</td>\n",
       "      <td>3300000</td>\n",
       "      <td>Rejected</td>\n",
       "    </tr>\n",
       "    <tr>\n",
       "      <th>2</th>\n",
       "      <td>3</td>\n",
       "      <td>3</td>\n",
       "      <td>Graduate</td>\n",
       "      <td>No</td>\n",
       "      <td>9100000</td>\n",
       "      <td>29700000</td>\n",
       "      <td>20</td>\n",
       "      <td>506</td>\n",
       "      <td>7100000</td>\n",
       "      <td>4500000</td>\n",
       "      <td>33300000</td>\n",
       "      <td>12800000</td>\n",
       "      <td>Rejected</td>\n",
       "    </tr>\n",
       "    <tr>\n",
       "      <th>3</th>\n",
       "      <td>4</td>\n",
       "      <td>3</td>\n",
       "      <td>Graduate</td>\n",
       "      <td>No</td>\n",
       "      <td>8200000</td>\n",
       "      <td>30700000</td>\n",
       "      <td>8</td>\n",
       "      <td>467</td>\n",
       "      <td>18200000</td>\n",
       "      <td>3300000</td>\n",
       "      <td>23300000</td>\n",
       "      <td>7900000</td>\n",
       "      <td>Rejected</td>\n",
       "    </tr>\n",
       "    <tr>\n",
       "      <th>4</th>\n",
       "      <td>5</td>\n",
       "      <td>5</td>\n",
       "      <td>Not Graduate</td>\n",
       "      <td>Yes</td>\n",
       "      <td>9800000</td>\n",
       "      <td>24200000</td>\n",
       "      <td>20</td>\n",
       "      <td>382</td>\n",
       "      <td>12400000</td>\n",
       "      <td>8200000</td>\n",
       "      <td>29400000</td>\n",
       "      <td>5000000</td>\n",
       "      <td>Rejected</td>\n",
       "    </tr>\n",
       "    <tr>\n",
       "      <th>5</th>\n",
       "      <td>6</td>\n",
       "      <td>0</td>\n",
       "      <td>Graduate</td>\n",
       "      <td>Yes</td>\n",
       "      <td>4800000</td>\n",
       "      <td>13500000</td>\n",
       "      <td>10</td>\n",
       "      <td>319</td>\n",
       "      <td>6800000</td>\n",
       "      <td>8300000</td>\n",
       "      <td>13700000</td>\n",
       "      <td>5100000</td>\n",
       "      <td>Rejected</td>\n",
       "    </tr>\n",
       "    <tr>\n",
       "      <th>6</th>\n",
       "      <td>7</td>\n",
       "      <td>5</td>\n",
       "      <td>Graduate</td>\n",
       "      <td>No</td>\n",
       "      <td>8700000</td>\n",
       "      <td>33000000</td>\n",
       "      <td>4</td>\n",
       "      <td>678</td>\n",
       "      <td>22500000</td>\n",
       "      <td>14800000</td>\n",
       "      <td>29200000</td>\n",
       "      <td>4300000</td>\n",
       "      <td>Approved</td>\n",
       "    </tr>\n",
       "    <tr>\n",
       "      <th>7</th>\n",
       "      <td>8</td>\n",
       "      <td>2</td>\n",
       "      <td>Graduate</td>\n",
       "      <td>Yes</td>\n",
       "      <td>5700000</td>\n",
       "      <td>15000000</td>\n",
       "      <td>20</td>\n",
       "      <td>382</td>\n",
       "      <td>13200000</td>\n",
       "      <td>5700000</td>\n",
       "      <td>11800000</td>\n",
       "      <td>6000000</td>\n",
       "      <td>Rejected</td>\n",
       "    </tr>\n",
       "    <tr>\n",
       "      <th>8</th>\n",
       "      <td>9</td>\n",
       "      <td>0</td>\n",
       "      <td>Graduate</td>\n",
       "      <td>Yes</td>\n",
       "      <td>800000</td>\n",
       "      <td>2200000</td>\n",
       "      <td>20</td>\n",
       "      <td>782</td>\n",
       "      <td>1300000</td>\n",
       "      <td>800000</td>\n",
       "      <td>2800000</td>\n",
       "      <td>600000</td>\n",
       "      <td>Approved</td>\n",
       "    </tr>\n",
       "    <tr>\n",
       "      <th>9</th>\n",
       "      <td>10</td>\n",
       "      <td>5</td>\n",
       "      <td>Not Graduate</td>\n",
       "      <td>No</td>\n",
       "      <td>1100000</td>\n",
       "      <td>4300000</td>\n",
       "      <td>10</td>\n",
       "      <td>388</td>\n",
       "      <td>3200000</td>\n",
       "      <td>1400000</td>\n",
       "      <td>3300000</td>\n",
       "      <td>1600000</td>\n",
       "      <td>Rejected</td>\n",
       "    </tr>\n",
       "  </tbody>\n",
       "</table>\n",
       "</div>"
      ],
      "text/plain": [
       "   loan_id   no_of_dependents      education  self_employed   income_annum   \n",
       "0        1                  2       Graduate             No        9600000  \\\n",
       "1        2                  0   Not Graduate            Yes        4100000   \n",
       "2        3                  3       Graduate             No        9100000   \n",
       "3        4                  3       Graduate             No        8200000   \n",
       "4        5                  5   Not Graduate            Yes        9800000   \n",
       "5        6                  0       Graduate            Yes        4800000   \n",
       "6        7                  5       Graduate             No        8700000   \n",
       "7        8                  2       Graduate            Yes        5700000   \n",
       "8        9                  0       Graduate            Yes         800000   \n",
       "9       10                  5   Not Graduate             No        1100000   \n",
       "\n",
       "    loan_amount   loan_term   cibil_score   residential_assets_value   \n",
       "0      29900000          12           778                    2400000  \\\n",
       "1      12200000           8           417                    2700000   \n",
       "2      29700000          20           506                    7100000   \n",
       "3      30700000           8           467                   18200000   \n",
       "4      24200000          20           382                   12400000   \n",
       "5      13500000          10           319                    6800000   \n",
       "6      33000000           4           678                   22500000   \n",
       "7      15000000          20           382                   13200000   \n",
       "8       2200000          20           782                    1300000   \n",
       "9       4300000          10           388                    3200000   \n",
       "\n",
       "    commercial_assets_value   luxury_assets_value   bank_asset_value   \n",
       "0                  17600000              22700000            8000000  \\\n",
       "1                   2200000               8800000            3300000   \n",
       "2                   4500000              33300000           12800000   \n",
       "3                   3300000              23300000            7900000   \n",
       "4                   8200000              29400000            5000000   \n",
       "5                   8300000              13700000            5100000   \n",
       "6                  14800000              29200000            4300000   \n",
       "7                   5700000              11800000            6000000   \n",
       "8                    800000               2800000             600000   \n",
       "9                   1400000               3300000            1600000   \n",
       "\n",
       "   loan_status  \n",
       "0     Approved  \n",
       "1     Rejected  \n",
       "2     Rejected  \n",
       "3     Rejected  \n",
       "4     Rejected  \n",
       "5     Rejected  \n",
       "6     Approved  \n",
       "7     Rejected  \n",
       "8     Approved  \n",
       "9     Rejected  "
      ]
     },
     "execution_count": 2,
     "metadata": {},
     "output_type": "execute_result"
    }
   ],
   "source": [
    "df = pd.read_csv(r'loan_approval_dataset.csv')\n",
    "df.head(10)"
   ]
  },
  {
   "cell_type": "code",
   "execution_count": 3,
   "metadata": {},
   "outputs": [
    {
     "name": "stdout",
     "output_type": "stream",
     "text": [
      "<class 'pandas.core.frame.DataFrame'>\n",
      "RangeIndex: 4269 entries, 0 to 4268\n",
      "Data columns (total 13 columns):\n",
      " #   Column                     Non-Null Count  Dtype \n",
      "---  ------                     --------------  ----- \n",
      " 0   loan_id                    4269 non-null   int64 \n",
      " 1    no_of_dependents          4269 non-null   int64 \n",
      " 2    education                 4269 non-null   object\n",
      " 3    self_employed             4269 non-null   object\n",
      " 4    income_annum              4269 non-null   int64 \n",
      " 5    loan_amount               4269 non-null   int64 \n",
      " 6    loan_term                 4269 non-null   int64 \n",
      " 7    cibil_score               4269 non-null   int64 \n",
      " 8    residential_assets_value  4269 non-null   int64 \n",
      " 9    commercial_assets_value   4269 non-null   int64 \n",
      " 10   luxury_assets_value       4269 non-null   int64 \n",
      " 11   bank_asset_value          4269 non-null   int64 \n",
      " 12   loan_status               4269 non-null   object\n",
      "dtypes: int64(10), object(3)\n",
      "memory usage: 433.7+ KB\n"
     ]
    }
   ],
   "source": [
    "df.info()"
   ]
  },
  {
   "cell_type": "code",
   "execution_count": 4,
   "metadata": {},
   "outputs": [
    {
     "data": {
      "text/plain": [
       "loan_id                      0\n",
       " no_of_dependents            0\n",
       " education                   0\n",
       " self_employed               0\n",
       " income_annum                0\n",
       " loan_amount                 0\n",
       " loan_term                   0\n",
       " cibil_score                 0\n",
       " residential_assets_value    0\n",
       " commercial_assets_value     0\n",
       " luxury_assets_value         0\n",
       " bank_asset_value            0\n",
       " loan_status                 0\n",
       "dtype: int64"
      ]
     },
     "execution_count": 4,
     "metadata": {},
     "output_type": "execute_result"
    }
   ],
   "source": [
    "df.isnull().sum()"
   ]
  },
  {
   "cell_type": "code",
   "execution_count": 5,
   "metadata": {},
   "outputs": [
    {
     "name": "stdout",
     "output_type": "stream",
     "text": [
      "Index(['loan_id', ' no_of_dependents', ' education', ' self_employed',\n",
      "       ' income_annum', ' loan_amount', ' loan_term', ' cibil_score',\n",
      "       ' residential_assets_value', ' commercial_assets_value',\n",
      "       ' luxury_assets_value', ' bank_asset_value', ' loan_status'],\n",
      "      dtype='object')\n"
     ]
    }
   ],
   "source": [
    "print(df.columns)"
   ]
  },
  {
   "cell_type": "code",
   "execution_count": 6,
   "metadata": {},
   "outputs": [],
   "source": [
    "def delete_space(df):\n",
    "    df.columns = df.columns.str.lstrip()\n",
    "    return df"
   ]
  },
  {
   "cell_type": "code",
   "execution_count": 7,
   "metadata": {},
   "outputs": [
    {
     "data": {
      "text/plain": [
       "Index(['loan_id', 'no_of_dependents', 'education', 'self_employed',\n",
       "       'income_annum', 'loan_amount', 'loan_term', 'cibil_score',\n",
       "       'residential_assets_value', 'commercial_assets_value',\n",
       "       'luxury_assets_value', 'bank_asset_value', 'loan_status'],\n",
       "      dtype='object')"
      ]
     },
     "execution_count": 7,
     "metadata": {},
     "output_type": "execute_result"
    }
   ],
   "source": [
    "df = delete_space(df)\n",
    "df.columns"
   ]
  },
  {
   "cell_type": "code",
   "execution_count": 8,
   "metadata": {},
   "outputs": [
    {
     "data": {
      "text/plain": [
       "loan_status\n",
       " Approved    0.62216\n",
       " Rejected    0.37784\n",
       "Name: proportion, dtype: float64"
      ]
     },
     "execution_count": 8,
     "metadata": {},
     "output_type": "execute_result"
    }
   ],
   "source": [
    "df['loan_status'].value_counts(normalize = True)"
   ]
  },
  {
   "cell_type": "code",
   "execution_count": 9,
   "metadata": {},
   "outputs": [
    {
     "data": {
      "text/html": [
       "<div>\n",
       "<style scoped>\n",
       "    .dataframe tbody tr th:only-of-type {\n",
       "        vertical-align: middle;\n",
       "    }\n",
       "\n",
       "    .dataframe tbody tr th {\n",
       "        vertical-align: top;\n",
       "    }\n",
       "\n",
       "    .dataframe thead th {\n",
       "        text-align: right;\n",
       "    }\n",
       "</style>\n",
       "<table border=\"1\" class=\"dataframe\">\n",
       "  <thead>\n",
       "    <tr style=\"text-align: right;\">\n",
       "      <th></th>\n",
       "      <th>loan_id</th>\n",
       "      <th>no_of_dependents</th>\n",
       "      <th>income_annum</th>\n",
       "      <th>loan_amount</th>\n",
       "      <th>loan_term</th>\n",
       "      <th>cibil_score</th>\n",
       "      <th>residential_assets_value</th>\n",
       "      <th>commercial_assets_value</th>\n",
       "      <th>luxury_assets_value</th>\n",
       "      <th>bank_asset_value</th>\n",
       "    </tr>\n",
       "  </thead>\n",
       "  <tbody>\n",
       "    <tr>\n",
       "      <th>loan_id</th>\n",
       "      <td>1.000000</td>\n",
       "      <td>0.005326</td>\n",
       "      <td>0.012592</td>\n",
       "      <td>0.008170</td>\n",
       "      <td>0.009809</td>\n",
       "      <td>0.016323</td>\n",
       "      <td>0.020936</td>\n",
       "      <td>0.018595</td>\n",
       "      <td>-0.000862</td>\n",
       "      <td>0.010765</td>\n",
       "    </tr>\n",
       "    <tr>\n",
       "      <th>no_of_dependents</th>\n",
       "      <td>0.005326</td>\n",
       "      <td>1.000000</td>\n",
       "      <td>0.007266</td>\n",
       "      <td>-0.003366</td>\n",
       "      <td>-0.020111</td>\n",
       "      <td>-0.009998</td>\n",
       "      <td>0.007376</td>\n",
       "      <td>-0.001531</td>\n",
       "      <td>0.002817</td>\n",
       "      <td>0.011163</td>\n",
       "    </tr>\n",
       "    <tr>\n",
       "      <th>income_annum</th>\n",
       "      <td>0.012592</td>\n",
       "      <td>0.007266</td>\n",
       "      <td>1.000000</td>\n",
       "      <td>0.927470</td>\n",
       "      <td>0.011488</td>\n",
       "      <td>-0.023034</td>\n",
       "      <td>0.636841</td>\n",
       "      <td>0.640328</td>\n",
       "      <td>0.929145</td>\n",
       "      <td>0.851093</td>\n",
       "    </tr>\n",
       "    <tr>\n",
       "      <th>loan_amount</th>\n",
       "      <td>0.008170</td>\n",
       "      <td>-0.003366</td>\n",
       "      <td>0.927470</td>\n",
       "      <td>1.000000</td>\n",
       "      <td>0.008437</td>\n",
       "      <td>-0.017035</td>\n",
       "      <td>0.594596</td>\n",
       "      <td>0.603188</td>\n",
       "      <td>0.860914</td>\n",
       "      <td>0.788122</td>\n",
       "    </tr>\n",
       "    <tr>\n",
       "      <th>loan_term</th>\n",
       "      <td>0.009809</td>\n",
       "      <td>-0.020111</td>\n",
       "      <td>0.011488</td>\n",
       "      <td>0.008437</td>\n",
       "      <td>1.000000</td>\n",
       "      <td>0.007810</td>\n",
       "      <td>0.008016</td>\n",
       "      <td>-0.005478</td>\n",
       "      <td>0.012490</td>\n",
       "      <td>0.017177</td>\n",
       "    </tr>\n",
       "    <tr>\n",
       "      <th>cibil_score</th>\n",
       "      <td>0.016323</td>\n",
       "      <td>-0.009998</td>\n",
       "      <td>-0.023034</td>\n",
       "      <td>-0.017035</td>\n",
       "      <td>0.007810</td>\n",
       "      <td>1.000000</td>\n",
       "      <td>-0.019947</td>\n",
       "      <td>-0.003769</td>\n",
       "      <td>-0.028618</td>\n",
       "      <td>-0.015478</td>\n",
       "    </tr>\n",
       "    <tr>\n",
       "      <th>residential_assets_value</th>\n",
       "      <td>0.020936</td>\n",
       "      <td>0.007376</td>\n",
       "      <td>0.636841</td>\n",
       "      <td>0.594596</td>\n",
       "      <td>0.008016</td>\n",
       "      <td>-0.019947</td>\n",
       "      <td>1.000000</td>\n",
       "      <td>0.414786</td>\n",
       "      <td>0.590932</td>\n",
       "      <td>0.527418</td>\n",
       "    </tr>\n",
       "    <tr>\n",
       "      <th>commercial_assets_value</th>\n",
       "      <td>0.018595</td>\n",
       "      <td>-0.001531</td>\n",
       "      <td>0.640328</td>\n",
       "      <td>0.603188</td>\n",
       "      <td>-0.005478</td>\n",
       "      <td>-0.003769</td>\n",
       "      <td>0.414786</td>\n",
       "      <td>1.000000</td>\n",
       "      <td>0.591128</td>\n",
       "      <td>0.548576</td>\n",
       "    </tr>\n",
       "    <tr>\n",
       "      <th>luxury_assets_value</th>\n",
       "      <td>-0.000862</td>\n",
       "      <td>0.002817</td>\n",
       "      <td>0.929145</td>\n",
       "      <td>0.860914</td>\n",
       "      <td>0.012490</td>\n",
       "      <td>-0.028618</td>\n",
       "      <td>0.590932</td>\n",
       "      <td>0.591128</td>\n",
       "      <td>1.000000</td>\n",
       "      <td>0.788517</td>\n",
       "    </tr>\n",
       "    <tr>\n",
       "      <th>bank_asset_value</th>\n",
       "      <td>0.010765</td>\n",
       "      <td>0.011163</td>\n",
       "      <td>0.851093</td>\n",
       "      <td>0.788122</td>\n",
       "      <td>0.017177</td>\n",
       "      <td>-0.015478</td>\n",
       "      <td>0.527418</td>\n",
       "      <td>0.548576</td>\n",
       "      <td>0.788517</td>\n",
       "      <td>1.000000</td>\n",
       "    </tr>\n",
       "  </tbody>\n",
       "</table>\n",
       "</div>"
      ],
      "text/plain": [
       "                           loan_id  no_of_dependents  income_annum   \n",
       "loan_id                   1.000000          0.005326      0.012592  \\\n",
       "no_of_dependents          0.005326          1.000000      0.007266   \n",
       "income_annum              0.012592          0.007266      1.000000   \n",
       "loan_amount               0.008170         -0.003366      0.927470   \n",
       "loan_term                 0.009809         -0.020111      0.011488   \n",
       "cibil_score               0.016323         -0.009998     -0.023034   \n",
       "residential_assets_value  0.020936          0.007376      0.636841   \n",
       "commercial_assets_value   0.018595         -0.001531      0.640328   \n",
       "luxury_assets_value      -0.000862          0.002817      0.929145   \n",
       "bank_asset_value          0.010765          0.011163      0.851093   \n",
       "\n",
       "                          loan_amount  loan_term  cibil_score   \n",
       "loan_id                      0.008170   0.009809     0.016323  \\\n",
       "no_of_dependents            -0.003366  -0.020111    -0.009998   \n",
       "income_annum                 0.927470   0.011488    -0.023034   \n",
       "loan_amount                  1.000000   0.008437    -0.017035   \n",
       "loan_term                    0.008437   1.000000     0.007810   \n",
       "cibil_score                 -0.017035   0.007810     1.000000   \n",
       "residential_assets_value     0.594596   0.008016    -0.019947   \n",
       "commercial_assets_value      0.603188  -0.005478    -0.003769   \n",
       "luxury_assets_value          0.860914   0.012490    -0.028618   \n",
       "bank_asset_value             0.788122   0.017177    -0.015478   \n",
       "\n",
       "                          residential_assets_value  commercial_assets_value   \n",
       "loan_id                                   0.020936                 0.018595  \\\n",
       "no_of_dependents                          0.007376                -0.001531   \n",
       "income_annum                              0.636841                 0.640328   \n",
       "loan_amount                               0.594596                 0.603188   \n",
       "loan_term                                 0.008016                -0.005478   \n",
       "cibil_score                              -0.019947                -0.003769   \n",
       "residential_assets_value                  1.000000                 0.414786   \n",
       "commercial_assets_value                   0.414786                 1.000000   \n",
       "luxury_assets_value                       0.590932                 0.591128   \n",
       "bank_asset_value                          0.527418                 0.548576   \n",
       "\n",
       "                          luxury_assets_value  bank_asset_value  \n",
       "loan_id                             -0.000862          0.010765  \n",
       "no_of_dependents                     0.002817          0.011163  \n",
       "income_annum                         0.929145          0.851093  \n",
       "loan_amount                          0.860914          0.788122  \n",
       "loan_term                            0.012490          0.017177  \n",
       "cibil_score                         -0.028618         -0.015478  \n",
       "residential_assets_value             0.590932          0.527418  \n",
       "commercial_assets_value              0.591128          0.548576  \n",
       "luxury_assets_value                  1.000000          0.788517  \n",
       "bank_asset_value                     0.788517          1.000000  "
      ]
     },
     "execution_count": 9,
     "metadata": {},
     "output_type": "execute_result"
    }
   ],
   "source": [
    "cor = df.corr(numeric_only = True)\n",
    "cor"
   ]
  },
  {
   "cell_type": "markdown",
   "metadata": {},
   "source": [
    "DATA VISUALISATION"
   ]
  },
  {
   "cell_type": "code",
   "execution_count": 10,
   "metadata": {},
   "outputs": [
    {
     "data": {
      "application/vnd.plotly.v1+json": {
       "config": {
        "plotlyServerURL": "https://plot.ly"
       },
       "data": [
        {
         "coloraxis": "coloraxis",
         "hovertemplate": "x: %{x}<br>y: %{y}<br>color: %{z}<extra></extra>",
         "name": "0",
         "texttemplate": "%{z}",
         "type": "heatmap",
         "x": [
          "loan_id",
          "no_of_dependents",
          "income_annum",
          "loan_amount",
          "loan_term",
          "cibil_score",
          "residential_assets_value",
          "commercial_assets_value",
          "luxury_assets_value",
          "bank_asset_value"
         ],
         "xaxis": "x",
         "y": [
          "loan_id",
          "no_of_dependents",
          "income_annum",
          "loan_amount",
          "loan_term",
          "cibil_score",
          "residential_assets_value",
          "commercial_assets_value",
          "luxury_assets_value",
          "bank_asset_value"
         ],
         "yaxis": "y",
         "z": [
          [
           1,
           0.005325859036387961,
           0.012592140066263852,
           0.008170193101824251,
           0.009808718446732064,
           0.01632338634222819,
           0.020935691947378453,
           0.018595237073737184,
           -0.0008623050142868472,
           0.010764766805825346
          ],
          [
           0.005325859036387961,
           1,
           0.007266337418034065,
           -0.0033658043426543,
           -0.02011056778205394,
           -0.009998469677432321,
           0.007375567401220776,
           -0.0015313425506312379,
           0.002816552031074442,
           0.011163372385311697
          ],
          [
           0.012592140066263852,
           0.007266337418034065,
           1,
           0.9274699109871475,
           0.011488298551247824,
           -0.023034421699860187,
           0.636841465638472,
           0.6403276980353092,
           0.9291454207522616,
           0.851093127940453
          ],
          [
           0.008170193101824251,
           -0.0033658043426543,
           0.9274699109871475,
           1,
           0.008437257207995331,
           -0.017034787023534396,
           0.5945957096943747,
           0.6031880881949118,
           0.860914032893505,
           0.788121706768322
          ],
          [
           0.009808718446732064,
           -0.02011056778205394,
           0.011488298551247824,
           0.008437257207995331,
           1,
           0.007809878429871024,
           0.008015642702533531,
           -0.005477660484558487,
           0.01249013621406212,
           0.01717742163338611
          ],
          [
           0.01632338634222819,
           -0.009998469677432321,
           -0.023034421699860187,
           -0.017034787023534396,
           0.007809878429871024,
           1,
           -0.019946757051831965,
           -0.0037693455213522018,
           -0.02861762794612002,
           -0.015478271340156316
          ],
          [
           0.020935691947378453,
           0.007375567401220776,
           0.636841465638472,
           0.5945957096943747,
           0.008015642702533531,
           -0.019946757051831965,
           1,
           0.4147860265754977,
           0.5909324250706588,
           0.5274175554536689
          ],
          [
           0.018595237073737184,
           -0.0015313425506312379,
           0.6403276980353092,
           0.6031880881949118,
           -0.005477660484558487,
           -0.0037693455213522018,
           0.4147860265754977,
           1,
           0.5911275002649014,
           0.548575592672538
          ],
          [
           -0.0008623050142868472,
           0.002816552031074442,
           0.9291454207522616,
           0.860914032893505,
           0.01249013621406212,
           -0.02861762794612002,
           0.5909324250706588,
           0.5911275002649014,
           1,
           0.7885169099019488
          ],
          [
           0.010764766805825346,
           0.011163372385311697,
           0.851093127940453,
           0.788121706768322,
           0.01717742163338611,
           -0.015478271340156316,
           0.5274175554536689,
           0.548575592672538,
           0.7885169099019488,
           1
          ]
         ]
        }
       ],
       "layout": {
        "coloraxis": {
         "colorscale": [
          [
           0,
           "#0d0887"
          ],
          [
           0.1111111111111111,
           "#46039f"
          ],
          [
           0.2222222222222222,
           "#7201a8"
          ],
          [
           0.3333333333333333,
           "#9c179e"
          ],
          [
           0.4444444444444444,
           "#bd3786"
          ],
          [
           0.5555555555555556,
           "#d8576b"
          ],
          [
           0.6666666666666666,
           "#ed7953"
          ],
          [
           0.7777777777777778,
           "#fb9f3a"
          ],
          [
           0.8888888888888888,
           "#fdca26"
          ],
          [
           1,
           "#f0f921"
          ]
         ]
        },
        "height": 800,
        "margin": {
         "t": 60
        },
        "template": {
         "data": {
          "bar": [
           {
            "error_x": {
             "color": "#2a3f5f"
            },
            "error_y": {
             "color": "#2a3f5f"
            },
            "marker": {
             "line": {
              "color": "#E5ECF6",
              "width": 0.5
             },
             "pattern": {
              "fillmode": "overlay",
              "size": 10,
              "solidity": 0.2
             }
            },
            "type": "bar"
           }
          ],
          "barpolar": [
           {
            "marker": {
             "line": {
              "color": "#E5ECF6",
              "width": 0.5
             },
             "pattern": {
              "fillmode": "overlay",
              "size": 10,
              "solidity": 0.2
             }
            },
            "type": "barpolar"
           }
          ],
          "carpet": [
           {
            "aaxis": {
             "endlinecolor": "#2a3f5f",
             "gridcolor": "white",
             "linecolor": "white",
             "minorgridcolor": "white",
             "startlinecolor": "#2a3f5f"
            },
            "baxis": {
             "endlinecolor": "#2a3f5f",
             "gridcolor": "white",
             "linecolor": "white",
             "minorgridcolor": "white",
             "startlinecolor": "#2a3f5f"
            },
            "type": "carpet"
           }
          ],
          "choropleth": [
           {
            "colorbar": {
             "outlinewidth": 0,
             "ticks": ""
            },
            "type": "choropleth"
           }
          ],
          "contour": [
           {
            "colorbar": {
             "outlinewidth": 0,
             "ticks": ""
            },
            "colorscale": [
             [
              0,
              "#0d0887"
             ],
             [
              0.1111111111111111,
              "#46039f"
             ],
             [
              0.2222222222222222,
              "#7201a8"
             ],
             [
              0.3333333333333333,
              "#9c179e"
             ],
             [
              0.4444444444444444,
              "#bd3786"
             ],
             [
              0.5555555555555556,
              "#d8576b"
             ],
             [
              0.6666666666666666,
              "#ed7953"
             ],
             [
              0.7777777777777778,
              "#fb9f3a"
             ],
             [
              0.8888888888888888,
              "#fdca26"
             ],
             [
              1,
              "#f0f921"
             ]
            ],
            "type": "contour"
           }
          ],
          "contourcarpet": [
           {
            "colorbar": {
             "outlinewidth": 0,
             "ticks": ""
            },
            "type": "contourcarpet"
           }
          ],
          "heatmap": [
           {
            "colorbar": {
             "outlinewidth": 0,
             "ticks": ""
            },
            "colorscale": [
             [
              0,
              "#0d0887"
             ],
             [
              0.1111111111111111,
              "#46039f"
             ],
             [
              0.2222222222222222,
              "#7201a8"
             ],
             [
              0.3333333333333333,
              "#9c179e"
             ],
             [
              0.4444444444444444,
              "#bd3786"
             ],
             [
              0.5555555555555556,
              "#d8576b"
             ],
             [
              0.6666666666666666,
              "#ed7953"
             ],
             [
              0.7777777777777778,
              "#fb9f3a"
             ],
             [
              0.8888888888888888,
              "#fdca26"
             ],
             [
              1,
              "#f0f921"
             ]
            ],
            "type": "heatmap"
           }
          ],
          "heatmapgl": [
           {
            "colorbar": {
             "outlinewidth": 0,
             "ticks": ""
            },
            "colorscale": [
             [
              0,
              "#0d0887"
             ],
             [
              0.1111111111111111,
              "#46039f"
             ],
             [
              0.2222222222222222,
              "#7201a8"
             ],
             [
              0.3333333333333333,
              "#9c179e"
             ],
             [
              0.4444444444444444,
              "#bd3786"
             ],
             [
              0.5555555555555556,
              "#d8576b"
             ],
             [
              0.6666666666666666,
              "#ed7953"
             ],
             [
              0.7777777777777778,
              "#fb9f3a"
             ],
             [
              0.8888888888888888,
              "#fdca26"
             ],
             [
              1,
              "#f0f921"
             ]
            ],
            "type": "heatmapgl"
           }
          ],
          "histogram": [
           {
            "marker": {
             "pattern": {
              "fillmode": "overlay",
              "size": 10,
              "solidity": 0.2
             }
            },
            "type": "histogram"
           }
          ],
          "histogram2d": [
           {
            "colorbar": {
             "outlinewidth": 0,
             "ticks": ""
            },
            "colorscale": [
             [
              0,
              "#0d0887"
             ],
             [
              0.1111111111111111,
              "#46039f"
             ],
             [
              0.2222222222222222,
              "#7201a8"
             ],
             [
              0.3333333333333333,
              "#9c179e"
             ],
             [
              0.4444444444444444,
              "#bd3786"
             ],
             [
              0.5555555555555556,
              "#d8576b"
             ],
             [
              0.6666666666666666,
              "#ed7953"
             ],
             [
              0.7777777777777778,
              "#fb9f3a"
             ],
             [
              0.8888888888888888,
              "#fdca26"
             ],
             [
              1,
              "#f0f921"
             ]
            ],
            "type": "histogram2d"
           }
          ],
          "histogram2dcontour": [
           {
            "colorbar": {
             "outlinewidth": 0,
             "ticks": ""
            },
            "colorscale": [
             [
              0,
              "#0d0887"
             ],
             [
              0.1111111111111111,
              "#46039f"
             ],
             [
              0.2222222222222222,
              "#7201a8"
             ],
             [
              0.3333333333333333,
              "#9c179e"
             ],
             [
              0.4444444444444444,
              "#bd3786"
             ],
             [
              0.5555555555555556,
              "#d8576b"
             ],
             [
              0.6666666666666666,
              "#ed7953"
             ],
             [
              0.7777777777777778,
              "#fb9f3a"
             ],
             [
              0.8888888888888888,
              "#fdca26"
             ],
             [
              1,
              "#f0f921"
             ]
            ],
            "type": "histogram2dcontour"
           }
          ],
          "mesh3d": [
           {
            "colorbar": {
             "outlinewidth": 0,
             "ticks": ""
            },
            "type": "mesh3d"
           }
          ],
          "parcoords": [
           {
            "line": {
             "colorbar": {
              "outlinewidth": 0,
              "ticks": ""
             }
            },
            "type": "parcoords"
           }
          ],
          "pie": [
           {
            "automargin": true,
            "type": "pie"
           }
          ],
          "scatter": [
           {
            "fillpattern": {
             "fillmode": "overlay",
             "size": 10,
             "solidity": 0.2
            },
            "type": "scatter"
           }
          ],
          "scatter3d": [
           {
            "line": {
             "colorbar": {
              "outlinewidth": 0,
              "ticks": ""
             }
            },
            "marker": {
             "colorbar": {
              "outlinewidth": 0,
              "ticks": ""
             }
            },
            "type": "scatter3d"
           }
          ],
          "scattercarpet": [
           {
            "marker": {
             "colorbar": {
              "outlinewidth": 0,
              "ticks": ""
             }
            },
            "type": "scattercarpet"
           }
          ],
          "scattergeo": [
           {
            "marker": {
             "colorbar": {
              "outlinewidth": 0,
              "ticks": ""
             }
            },
            "type": "scattergeo"
           }
          ],
          "scattergl": [
           {
            "marker": {
             "colorbar": {
              "outlinewidth": 0,
              "ticks": ""
             }
            },
            "type": "scattergl"
           }
          ],
          "scattermapbox": [
           {
            "marker": {
             "colorbar": {
              "outlinewidth": 0,
              "ticks": ""
             }
            },
            "type": "scattermapbox"
           }
          ],
          "scatterpolar": [
           {
            "marker": {
             "colorbar": {
              "outlinewidth": 0,
              "ticks": ""
             }
            },
            "type": "scatterpolar"
           }
          ],
          "scatterpolargl": [
           {
            "marker": {
             "colorbar": {
              "outlinewidth": 0,
              "ticks": ""
             }
            },
            "type": "scatterpolargl"
           }
          ],
          "scatterternary": [
           {
            "marker": {
             "colorbar": {
              "outlinewidth": 0,
              "ticks": ""
             }
            },
            "type": "scatterternary"
           }
          ],
          "surface": [
           {
            "colorbar": {
             "outlinewidth": 0,
             "ticks": ""
            },
